12357
12380
12383
12405
12577
12621
12622
12623
12637
12643
12649
12837
12840
12860
12875
12880
12895
12916
13089
13121
13148
13157
13403
13409
13621
13670
13690
13862
13866
13894
13911
13912
14133
14377
14379
14389
14405
14406
14422
14667
14689
14885
14897
14905
15188
15448
15468
15666
15679
15732
15954
15969
16165
16175
16177
16202
16203
16441
16505
16968
16992
17200
17210
17218
17233
17265
17277
17493
17517
17747
17756
17763
17781
18028
18040
18209
22375
22376
22578
24809
24920
25041
25498
25822
26145
